5
1 2 0 0 0
1 2 3 0 0
0 1 2 3 0
0 0 1 2 3
0 0 0 1 2

4 4 4 4 4

5
1 2 0 0 0
1 2 3 0 0
0 1 2 3 0
0 0 1 2 3
0 0 0 1 2

4 4 4 4 4

10
1 1 0 0 0 0 0 0 0 0
1 1 10 0 0 0 0 0 0 0
0 7 1 2 0 0 0 0 0 0
0 0 2 11 1 0 0 0 0 0
0 0 0 2 3 7 0 0 0 0
0 0 0 0 3 1 2 0 0 0
0 0 0 0 0 -1 2 2 0 0
0 0 0 0 0 0 2 1 1 0
0 0 0 0 0 0 0 5 2 4
0 0 0 0 0 0 0 0 1 5

4 14 26 25 0 2 1 3 10 8

6
2 -1 0 0 0 0
-1 2 -1 0 0 0
0 -1 .66666667 -1 0 0
0 0 -1 2 -1 0
0 0 0 -1 2 -1
0 0 0 0 -1 2

0 0 1 -2 -3 -1

8
46 0 5 14 10 2 5 4
0 46 -5 -14 -10 -2 -5 -4
5 -5 56 9 14 -1 7 3
14 -14 9 60 2 -11 1 -7
10 -10 14 2 64 -4 9 2
2 -2 -1 -11 -4 44 -3 -5
5 -5 7 1 9 -3 58 1
4 -4 3 -7 2 -5 1 42

106 32 94 82 77 46 67 62
